# unix_time, cycles_done, cur_path, paths_total, pending_total, pending_favs, map_size, unique_crashes, unique_hangs, max_depth, execs_per_sec
1569694697, 0, 0, 5, 5, 4, 0.23%, 0, 0, 1, 18.77
1569694702, 0, 0, 7, 7, 4, 0.23%, 0, 0, 2, 21.07
1569694707, 0, 0, 12, 12, 4, 0.23%, 0, 0, 2, 21.56
1569694713, 0, 0, 15, 15, 4, 0.23%, 0, 0, 2, 21.72
1569694718, 0, 0, 19, 19, 4, 0.23%, 0, 0, 2, 21.24
1569694723, 0, 0, 21, 21, 4, 0.23%, 0, 0, 2, 19.26
1569694733, 0, 0, 23, 23, 4, 0.23%, 0, 0, 2, 17.41
1569694738, 0, 0, 24, 24, 4, 0.23%, 0, 0, 2, 18.47
1569694866, 0, 0, 25, 25, 4, 0.23%, 0, 0, 2, 18.29
1569694871, 0, 0, 26, 26, 4, 0.23%, 0, 0, 2, 17.17
1569694876, 0, 0, 27, 27, 4, 0.23%, 0, 0, 2, 17.41
1569694891, 0, 0, 28, 28, 4, 0.23%, 0, 0, 2, 17.33
1569695320, 0, 0, 29, 29, 4, 0.23%, 0, 0, 2, 19.23
1569695325, 0, 0, 30, 30, 4, 0.23%, 0, 0, 2, 19.29
1569695355, 0, 0, 31, 31, 4, 0.23%, 0, 0, 2, 18.84
1569695535, 0, 0, 32, 32, 4, 0.23%, 0, 0, 2, 18.82
1569695893, 0, 0, 42, 42, 4, 0.23%, 0, 0, 2, 19.52
1569695898, 0, 0, 50, 50, 4, 0.23%, 0, 0, 2, 18.91
1569695903, 0, 0, 56, 56, 4, 0.23%, 0, 0, 2, 19.74
1569695908, 0, 0, 58, 58, 4, 0.23%, 0, 0, 2, 19.72
1569695913, 0, 0, 61, 61, 4, 0.23%, 0, 0, 2, 19.75
1569695918, 0, 0, 62, 62, 4, 0.23%, 0, 0, 2, 19.80
1569695923, 0, 0, 63, 63, 4, 0.23%, 0, 0, 2, 19.86
1569695933, 0, 0, 65, 65, 4, 0.23%, 0, 0, 2, 19.78
1569695944, 0, 0, 66, 66, 4, 0.23%, 0, 0, 2, 19.91
1569695949, 0, 0, 67, 67, 4, 0.23%, 0, 0, 2, 19.92
1569695954, 0, 0, 69, 69, 4, 0.23%, 0, 0, 2, 18.05
1569695985, 0, 0, 69, 69, 4, 0.23%, 1, 0, 2, 19.81
1569696005, 0, 0, 69, 69, 4, 0.23%, 2, 0, 2, 19.90
1569696010, 0, 0, 70, 70, 4, 0.23%, 2, 0, 2, 18.53
1569696030, 0, 0, 71, 71, 4, 0.23%, 2, 0, 2, 19.83
1569696040, 0, 0, 72, 72, 4, 0.23%, 2, 0, 2, 19.99
1569696045, 0, 0, 72, 72, 4, 0.23%, 3, 0, 2, 19.91
1569696066, 0, 0, 73, 73, 4, 0.23%, 3, 0, 2, 19.80
1569696071, 0, 1, 74, 73, 7, 0.23%, 3, 0, 2, 19.67
1569696169, 0, 1, 75, 74, 7, 0.23%, 3, 0, 2, 12.32
1569696184, 0, 1, 76, 75, 7, 0.23%, 3, 0, 2, 12.06
1569696195, 0, 1, 77, 76, 7, 0.23%, 3, 0, 2, 12.16
1569696205, 0, 1, 78, 77, 7, 0.23%, 3, 0, 2, 11.84
1569696250, 0, 1, 79, 78, 7, 0.23%, 3, 0, 2, 11.92
1569696301, 0, 1, 80, 79, 7, 0.23%, 3, 0, 2, 11.84
1569696945, 0, 1, 81, 80, 7, 0.23%, 3, 0, 2, 11.99
1569697185, 0, 1, 82, 81, 7, 0.23%, 3, 0, 2, 12.07
1569697205, 0, 1, 83, 82, 7, 0.23%, 3, 0, 2, 12.05
1569698557, 0, 1, 84, 83, 7, 0.23%, 3, 0, 2, 11.91
1569698583, 0, 1, 85, 84, 7, 0.23%, 3, 0, 2, 12.21
1569702240, 0, 1, 86, 85, 7, 0.23%, 3, 0, 2, 12.41
1569702798, 0, 1, 87, 86, 7, 0.23%, 3, 0, 2, 12.09
1569754335, 0, 1, 88, 87, 7, 0.23%, 3, 0, 2, 12.21
